1764865900055 0 0
1764865900087 0 1
1764865900119 0 2
1764865900149 0 3
1764865900178 0 4
1764865900203 0 5
1764865900230 0 6
1764865900261 0 7
1764865900288 0 8
1764865900315 0 9
1764865900345 0 10
1764865900373 0 11
1764865900401 0 12
1764865900429 0 13
1764865900455 0 14
1764865900483 0 15
1764865900511 0 16
1764865900537 0 17
1764865900563 0 18
1764865900592 0 19
1764865900620 0 20
1764865900646 0 21
1764865900672 0 22
1764865900701 0 23
1764865900730 0 24
1764865900755 0 25
1764865900816 0 26
1764865900853 0 27
1764865900878 0 28
1764865900904 0 29
1764865900934 0 30
1764865900962 0 31
1764865900987 0 32
1764865901014 0 33
1764865901043 0 34
1764865901069 0 35
1764865901096 0 36
1764865901126 0 37
1764865901154 0 38
1764865901181 0 39
1764865901208 0 40
1764865901236 0 41
1764865901261 0 42
1764865901289 0 43
1764865901319 0 44
1764865901346 0 45
1764865901374 0 46
1764865901403 0 47
1764865901429 0 48
1764865901457 0 49
1764865901486 0 50
1764865901511 0 51
1764865901538 0 52
1764865901568 0 53
1764865901593 0 54
1764865901621 0 55
1764865901650 0 56
1764865901679 0 57
1764865901704 0 58
1764865901731 0 59
1764865901759 0 60
1764865901786 0 61
1764865901814 0 62
1764865901842 0 63
1764865901868 0 64
1764865901895 0 65
1764865901924 0 66
1764865901950 0 67
1764865901977 0 68
1764865902007 0 69
1764865902032 0 70
1764865902059 0 71
1764865902088 0 72
1764865902118 0 73
1764865902147 0 74
1764865902173 0 75
1764865902201 0 76
1764865902231 0 77
1764865902256 0 78
1764865902283 0 79
1764865902311 0 80
1764865902340 0 81
1764865902366 0 82
1764865902392 0 83
1764865902422 0 84
1764865902447 0 85
1764865902475 0 86
1764865902505 0 87
1764865902535 0 88
1764865902564 0 89
1764865902589 0 90
1764865902616 0 91
1764865902645 0 92
1764865902674 0 93
1764865902700 0 94
1764865902726 0 95
1764865902756 0 96
1764865902783 0 97
1764865902810 0 98
1764865902840 0 99
1764865902866 0 100
1764865902894 0 101
1764865902923 0 102
1764865902948 0 103
1764865902975 0 104
1764865903004 0 105
1764865903033 0 106
1764865903060 0 107
1764865903087 0 108
1764865903116 0 109
1764865903142 0 110
1764865903169 0 111
1764865903198 0 112
1764865903223 0 113
1764865903251 0 114
1764865903280 0 115
1764865903308 0 116
1764865903333 0 117
1764865903371 0 118
1764865903403 0 119
1764865903432 0 120
1764865903460 0 121
1764865903488 0 122
1764865903517 0 123
1764865903542 0 124
1764865903570 0 125
1764865903599 0 126
1764865903625 0 127
1764865903651 0 128
1764865903680 0 129
1764865903705 0 130
1764865903732 0 131
1764865903761 0 132
1764865903791 0 133
1764865903820 0 134
1764865903845 0 135
1764865903872 0 136
1764865903901 0 137
1764865903929 0 138
1764865903957 0 139
1764865903987 0 140
1764865904017 0 141
1764865904046 0 142
1764865904072 0 143
1764865904099 0 144
1764865904128 0 145
1764865904155 0 146
1764865904183 0 147
1764865904212 0 148
1764865904238 0 149
1764865904265 0 150
1764865904294 0 151
1764865904319 0 152
1764865904346 0 153
1764865904376 0 154
1764865904404 0 155
1764865904938 0 155
1764865905002 1 156
1764865905028 1 157
1764865905055 1 158
1764865905085 1 159
1764865905111 1 160
1764865905138 1 161
1764865905167 1 162
1764865905195 1 163
1764865905221 1 164
1764865905248 1 165
1764865905277 1 166
1764865905302 1 167
1764865905328 1 168
1764865905360 1 169
1764865905385 1 170
1764865905412 1 171
1764865905441 1 172
1764865905470 1 173
1764865905496 1 174
1764865905523 1 175
1764865905552 1 176
1764865905578 1 177
1764865905606 1 178
1764865905635 1 179
1764865905660 1 180
1764865905688 1 181
1764865905716 1 182
1764865905745 1 183
1764865905771 1 184
1764865905798 1 185
1764865905827 1 186
1764865905853 1 187
1764865905880 1 188
1764865905909 1 189
1764865905937 1 190
1764865905963 1 191
1764865905990 1 192
1764865906020 1 193
1764865906046 1 194
1764865906072 1 195
1764865906101 1 196
1764865906128 1 197
1764865906155 1 198
1764865906184 1 199
1764865906214 1 200
1764865906243 1 201
1764865906268 1 202
1764865906296 1 203
1764865906326 1 204
1764865906354 1 205
1764865906410 1 206
1764865906438 1 207
1764865906465 1 208
1764865906494 1 209
1764865906520 1 210
1764865906547 1 211
1764865906577 1 212
1764865906602 1 213
1764865906629 1 214
1764865906659 1 215
1764865906687 1 216
1764865906712 1 217
1764865906738 1 218
1764865906767 1 219
1764865906796 1 220
1764865906822 1 221
1764865906849 1 222
1764865906878 1 223
1764865906904 1 224
1764865906931 1 225
1764865906960 1 226
1764865906985 1 227
1764865907012 1 228
1764865907041 1 229
1764865907070 1 230
1764865907095 1 231
1764865907123 1 232
1764865907152 1 233
1764865907177 1 234
1764865907204 1 235
1764865907235 1 236
1764865907260 1 237
1764865907288 1 238
1764865907317 1 239
1764865907345 1 240
1764865907372 1 241
1764865907399 1 242
1764865907428 1 243
1764865907453 1 244
1764865907479 1 245
1764865907508 1 246
1764865907537 1 247
1764865907563 1 248
1764865907590 1 249
1764865907619 1 250
1764865907644 1 251
1764865907671 1 252
1764865907700 1 253
1764865907728 1 254
1764865907753 1 255
1764865907780 1 256
1764865907810 1 257
1764865907835 1 258
1764865907862 1 259
1764865907890 1 260
1764865907919 1 261
1764865907945 1 262
1764865907971 1 263
1764865908001 1 264
1764865908029 1 265
1764865908054 1 266
1764865908082 1 267
1764865908142 1 268
1764865908174 1 269
1764865908204 1 270
1764865908232 1 271
1764865908260 1 272
1764865908288 1 273
1764865908317 1 274
1764865908346 1 275
1764865908374 1 276
1764865908403 1 277
1764865908432 1 278
1764865908461 1 279
1764865908488 1 280
1764865908515 1 281
1764865908544 1 282
1764865908570 1 283
1764865908598 1 284
1764865908627 1 285
1764865908652 1 286
1764865908679 1 287
1764865908709 1 288
1764865908737 1 289
1764865908763 1 290
1764865908789 1 291
1764865908818 1 292
1764865908844 1 293
1764865908871 1 294
1764865908900 1 295
1764865908928 1 296
1764865908954 1 297
1764865908982 1 298
1764865909011 1 299
1764865909036 1 300
1764865909063 1 301
1764865909092 1 302
1764865909120 1 303
1764865909146 1 304
1764865909173 1 305
1764865909202 1 306
1764865909228 1 307
1764865909255 1 308
1764865909284 1 309
1764865909312 1 310
1764865909338 1 311
1764865909860 1 311
1764865909900 2 312
1764865909928 2 313
1764865909954 2 314
1764865909982 2 315
1764865910011 2 316
1764865910037 2 317
1764865910063 2 318
1764865910092 2 319
1764865910124 2 320
1764865910153 2 321
1764865910178 2 322
1764865910204 2 323
1764865910234 2 324
1764865910262 2 325
1764865910288 2 326
1764865910316 2 327
1764865910344 2 328
1764865910370 2 329
1764865910397 2 330
1764865910426 2 331
1764865910454 2 332
1764865910479 2 333
1764865910506 2 334
1764865910535 2 335
1764865910561 2 336
1764865910588 2 337
1764865910618 2 338
1764865910643 2 339
1764865910670 2 340
1764865910699 2 341
1764865910728 2 342
1764865910753 2 343
1764865910780 2 344
1764865910809 2 345
1764865910837 2 346
1764865910863 2 347
1764865910890 2 348
1764865910919 2 349
1764865910944 2 350
1764865910971 2 351
1764865911001 2 352
1764865911029 2 353
1764865911055 2 354
1764865911081 2 355
1764865911112 2 356
1764865911140 2 357
1764865911169 2 358
1764865911198 2 359
1764865911227 2 360
1764865911253 2 361
1764865911279 2 362
1764865911308 2 363
1764865911337 2 364
1764865911362 2 365
1764865911390 2 366
1764865911419 2 367
1764865911445 2 368
1764865911471 2 369
1764865911501 2 370
1764865911529 2 371
1764865911554 2 372
1764865911581 2 373
1764865911610 2 374
1764865911635 2 375
1764865911663 2 376
1764865911692 2 377
1764865911720 2 378
1764865911745 2 379
1764865911772 2 380
1764865911801 2 381
1764865911829 2 382
1764865911855 2 383
1764865911882 2 384
1764865911911 2 385
1764865911937 2 386
1764865911964 2 387
1764865911994 2 388
1764865912020 2 389
1764865912047 2 390
1764865912076 2 391
1764865912104 2 392
1764865912130 2 393
1764865912156 2 394
1764865912185 2 395
1764865912211 2 396
1764865912237 2 397
1764865912267 2 398
1764865912295 2 399
1764865912320 2 400
1764865912347 2 401
1764865912376 2 402
1764865912421 2 403
1764865912447 2 404
1764865912474 2 405
1764865912503 2 406
1764865912529 2 407
1764865912555 2 408
1764865912584 2 409
1764865912610 2 410
1764865912637 2 411
1764865912665 2 412
1764865912699 2 413
1764865912728 2 414
1764865912753 2 415
1764865912779 2 416
1764865912807 2 417
1764865912836 2 418
1764865912861 2 419
1764865912888 2 420
1764865912917 2 421
1764865912946 2 422
1764865912971 2 423
1764865912999 2 424
1764865913028 2 425
1764865913054 2 426
1764865913081 2 427
1764865913112 2 428
1764865913139 2 429
1764865913166 2 430
1764865913194 2 431
1764865913220 2 432
1764865913246 2 433
1764865913275 2 434
1764865913303 2 435
1764865913329 2 436
1764865913356 2 437
1764865913386 2 438
1764865913411 2 439
1764865913438 2 440
1764865913467 2 441
1764865913495 2 442
1764865913521 2 443
1764865913548 2 444
1764865913578 2 445
1764865913604 2 446
1764865913631 2 447
1764865913660 2 448
1764865913686 2 449
1764865913713 2 450
1764865913742 2 451
1764865913770 2 452
1764865913796 2 453
1764865913823 2 454
1764865913852 2 455
1764865913877 2 456
1764865913905 2 457
1764865913934 2 458
1764865913962 2 459
1764865913988 2 460
1764865914015 2 461
1764865914044 2 462
1764865914070 2 463
1764865914096 2 464
1764865914126 2 465
1764865914153 2 466
1764865914179 2 467
1764865914702 2 467
1764865914742 3 468
1764865914770 3 469
1764865914796 3 470
1764865914823 3 471
1764865914852 3 472
1764865914877 3 473
1764865914905 3 474
1764865914934 3 475
1764865914962 3 476
1764865914987 3 477
1764865915014 3 478
1764865915043 3 479
1764865915069 3 480
1764865915095 3 481
1764865915126 3 482
1764865915154 3 483
1764865915180 3 484
1764865915207 3 485
1764865915236 3 486
1764865915262 3 487
1764865915289 3 488
1764865915319 3 489
1764865915346 3 490
1764865915373 3 491
1764865915403 3 492
1764865915429 3 493
1764865915456 3 494
1764865915485 3 495
1764865915512 3 496
1764865915538 3 497
1764865915568 3 498
1764865915596 3 499
1764865915622 3 500
1764865915649 3 501
1764865915677 3 502
1764865915703 3 503
1764865915730 3 504
1764865915759 3 505
1764865915789 3 506
1764865915816 3 507
1764865915843 3 508
1764865915871 3 509
1764865915897 3 510
1764865915924 3 511
1764865915953 3 512
1764865915979 3 513
1764865916006 3 514
1764865916035 3 515
1764865916061 3 516
1764865916088 3 517
1764865916118 3 518
1764865916144 3 519
1764865916171 3 520
1764865916201 3 521
1764865916229 3 522
1764865916254 3 523
1764865916281 3 524
1764865916310 3 525
1764865916336 3 526
1764865916363 3 527
1764865916393 3 528
1764865916418 3 529
1764865916446 3 530
1764865916475 3 531
1764865916503 3 532
1764865916529 3 533
1764865916555 3 534
1764865916584 3 535
1764865916610 3 536
1764865916638 3 537
1764865916667 3 538
1764865916695 3 539
1764865916721 3 540
1764865916748 3 541
1764865916777 3 542
1764865916807 3 543
1764865916835 3 544
1764865916864 3 545
1764865916893 3 546
1764865916919 3 547
1764865916946 3 548
1764865916975 3 549
1764865917003 3 550
1764865917029 3 551
1764865917056 3 552
1764865917085 3 553
1764865917112 3 554
1764865917139 3 555
1764865917168 3 556
1764865917193 3 557
1764865917220 3 558
1764865917250 3 559
1764865917278 3 560
1764865917304 3 561
1764865917331 3 562
1764865917360 3 563
1764865917385 3 564
1764865917412 3 565
1764865917442 3 566
1764865917470 3 567
1764865917496 3 568
1764865917524 3 569
1764865917552 3 570
1764865917578 3 571
1764865917605 3 572
1764865917634 3 573
1764865917662 3 574
1764865917688 3 575
1764865917715 3 576
1764865917744 3 577
1764865917770 3 578
1764865917796 3 579
1764865917826 3 580
1764865917854 3 581
1764865917879 3 582
1764865917906 3 583
1764865917935 3 584
1764865917960 3 585
1764865917988 3 586
1764865918017 3 587
1764865918046 3 588
1764865918072 3 589
1764865918098 3 590
1764865918128 3 591
1764865918154 3 592
1764865918180 3 593
1764865918210 3 594
1764865918236 3 595
1764865918262 3 596
1764865918292 3 597
1764865918320 3 598
1764865918345 3 599
1764865918372 3 600
1764865918402 3 601
1764865918427 3 602
1764865918454 3 603
1764865918483 3 604
1764865918511 3 605
1764865918537 3 606
1764865918564 3 607
1764865918593 3 608
1764865918618 3 609
1764865918644 3 610
1764865918671 3 611
1764865918700 3 612
1764865918751 3 613
1764865918779 3 614
1764865918805 3 615
1764865918831 3 616
1764865918860 3 617
1764865918886 3 618
1764865918914 3 619
1764865918941 3 620
1764865918968 3 621
1764865918995 3 622
1764865919024 3 623
1764865919551 3 623
1764865919582 4 624
1764865919607 4 625
1764865919635 4 626
1764865919664 4 627
1764865919689 4 628
1764865919717 4 629
1764865919746 4 630
1764865919774 4 631
1764865919800 4 632
1764865919826 4 633
1764865919855 4 634
1764865919882 4 635
1764865919909 4 636
1764865919937 4 637
1764865919962 4 638
1764865919988 4 639
1764865920019 4 640
1764865920047 4 641
1764865920074 4 642
1764865920103 4 643
1764865920131 4 644
1764865920161 4 645
1764865920194 4 646
1764865920221 4 647
1764865920250 4 648
1764865920279 4 649
1764865920306 4 650
1764865920335 4 651
1764865920366 4 652
1764865920395 4 653
1764865920422 4 654
1764865920450 4 655
1764865920479 4 656
1764865920505 4 657
1764865920533 4 658
1764865920561 4 659
1764865920587 4 660
1764865920615 4 661
1764865920644 4 662
1764865920671 4 663
1764865920699 4 664
1764865920728 4 665
1764865920754 4 666
1764865920781 4 667
1764865920810 4 668
1764865920836 4 669
1764865920862 4 670
1764865920893 4 671
1764865920920 4 672
1764865920947 4 673
1764865920974 4 674
1764865921003 4 675
1764865921029 4 676
1764865921055 4 677
1764865921084 4 678
1764865921112 4 679
1764865921138 4 680
1764865921165 4 681
1764865921194 4 682
1764865921220 4 683
1764865921247 4 684
1764865921277 4 685
1764865921302 4 686
1764865921330 4 687
1764865921359 4 688
1764865921387 4 689
1764865921411 4 690
1764865921438 4 691
1764865921465 4 692
1764865921495 4 693
1764865921520 4 694
1764865921548 4 695
1764865921576 4 696
1764865921602 4 697
1764865921629 4 698
1764865921658 4 699
1764865921686 4 700
1764865921711 4 701
1764865921738 4 702
1764865921767 4 703
1764865921795 4 704
1764865921821 4 705
1764865921848 4 706
1764865921877 4 707
1764865921903 4 708
1764865921930 4 709
1764865921959 4 710
1764865921987 4 711
1764865922014 4 712
1764865922041 4 713
1764865922070 4 714
1764865922096 4 715
1764865922123 4 716
1764865922152 4 717
1764865922177 4 718
1764865922204 4 719
1764865922233 4 720
1764865922262 4 721
1764865922288 4 722
1764865922315 4 723
1764865922344 4 724
1764865922369 4 725
1764865922396 4 726
1764865922426 4 727
1764865922454 4 728
1764865922479 4 729
1764865922506 4 730
1764865922535 4 731
1764865922560 4 732
1764865922588 4 733
1764865922618 4 734
1764865922643 4 735
1764865922670 4 736
1764865922698 4 737
1764865922727 4 738
1764865922754 4 739
1764865922780 4 740
1764865922808 4 741
1764865922837 4 742
1764865922862 4 743
1764865922889 4 744
1764865922918 4 745
1764865922943 4 746
1764865922971 4 747
1764865923002 4 748
1764865923034 4 749
1764865923062 4 750
1764865923088 4 751
1764865923117 4 752
1764865923145 4 753
1764865923171 4 754
1764865923197 4 755
1764865923227 4 756
1764865923252 4 757
1764865923279 4 758
1764865923309 4 759
1764865923337 4 760
1764865923363 4 761
1764865923389 4 762
1764865923418 4 763
1764865923443 4 764
1764865923471 4 765
1764865923500 4 766
1764865923528 4 767
1764865923554 4 768
1764865923580 4 769
1764865923608 4 770
1764865923637 4 771
1764865923662 4 772
1764865923688 4 773
1764865923718 4 774
1764865923746 4 775
1764865923771 4 776
1764865923804 4 777
1764865923833 4 778
1764865923861 4 779
1764865924420 4 779
1764865924460 5 780
1764865924486 5 781
1764865924513 5 782
1764865924542 5 783
1764865924571 5 784
1764865924596 5 785
1764865924623 5 786
1764865924652 5 787
1764865924678 5 788
1764865924706 5 789
1764865924735 5 790
1764865924760 5 791
1764865924788 5 792
1764865924817 5 793
1764865924845 5 794
1764865924871 5 795
1764865924898 5 796
1764865924926 5 797
1764865924956 5 798
1764865924981 5 799
1764865925008 5 800
1764865925038 5 801
1764865925066 5 802
1764865925092 5 803
1764865925119 5 804
1764865925148 5 805
1764865925174 5 806
1764865925200 5 807
1764865925230 5 808
1764865925258 5 809
1764865925284 5 810
1764865925311 5 811
1764865925340 5 812
1764865925365 5 813
1764865925392 5 814
1764865925421 5 815
1764865925449 5 816
1764865925475 5 817
1764865925502 5 818
1764865925531 5 819
1764865925559 5 820
1764865925588 5 821
1764865925620 5 822
1764865925649 5 823
1764865925676 5 824
1764865925705 5 825
1764865925736 5 826
1764865925765 5 827
1764865925794 5 828
1764865925821 5 829
1764865925850 5 830
1764865925876 5 831
1764865925903 5 832
1764865925932 5 833
1764865925957 5 834
1764865925984 5 835
1764865926013 5 836
1764865926041 5 837
1764865926067 5 838
1764865926093 5 839
1764865926124 5 840
1764865926150 5 841
1764865926176 5 842
1764865926206 5 843
1764865926231 5 844
1764865926258 5 845
1764865926288 5 846
1764865926316 5 847
1764865926342 5 848
1764865926369 5 849
1764865926398 5 850
1764865926423 5 851
1764865926450 5 852
1764865926480 5 853
1764865926508 5 854
1764865926534 5 855
1764865926561 5 856
1764865926590 5 857
1764865926615 5 858
1764865926642 5 859
1764865926671 5 860
1764865926699 5 861
1764865926725 5 862
1764865926752 5 863
1764865926781 5 864
1764865926807 5 865
1764865926834 5 866
1764865926863 5 867
1764865926891 5 868
1764865926918 5 869
1764865926944 5 870
1764865926973 5 871
1764865926999 5 872
1764865927026 5 873
1764865927054 5 874
1764865927082 5 875
1764865927108 5 876
1764865927135 5 877
1764865927164 5 878
1764865927189 5 879
1764865927217 5 880
1764865927248 5 881
1764865927274 5 882
1764865927300 5 883
1764865927329 5 884
1764865927357 5 885
1764865927385 5 886
1764865927413 5 887
1764865927441 5 888
1764865927467 5 889
1764865927494 5 890
1764865927523 5 891
1764865927548 5 892
1764865927576 5 893
1764865927605 5 894
1764865927633 5 895
1764865927659 5 896
1764865927686 5 897
1764865927715 5 898
1764865927741 5 899
1764865927768 5 900
1764865927797 5 901
1764865927822 5 902
1764865927850 5 903
1764865927880 5 904
1764865927908 5 905
1764865927934 5 906
1764865927960 5 907
1764865927989 5 908
1764865928015 5 909
1764865928042 5 910
1764865928071 5 911
1764865928099 5 912
1764865928124 5 913
1764865928152 5 914
1764865928182 5 915
1764865928208 5 916
1764865928234 5 917
1764865928264 5 918
1764865928290 5 919
1764865928318 5 920
1764865928347 5 921
1764865928375 5 922
1764865928401 5 923
1764865928428 5 924
1764865928457 5 925
1764865928482 5 926
1764865928508 5 927
1764865928537 5 928
1764865928566 5 929
1764865928591 5 930
1764865928617 5 931
1764865928646 5 932
1764865928675 5 933
1764865928700 5 934
1764865928727 5 935
1764865929251 5 935
1764865929284 6 936
1764865929312 6 937
1764865929338 6 938
1764865929364 6 939
1764865929393 6 940
1764865929419 6 941
1764865929446 6 942
1764865929476 6 943
1764865929504 6 944
1764865929529 6 945
1764865929557 6 946
1764865929586 6 947
1764865929611 6 948
1764865929638 6 949
1764865929668 6 950
1764865929695 6 951
1764865929721 6 952
1764865929748 6 953
1764865929777 6 954
1764865929802 6 955
1764865929829 6 956
1764865929858 6 957
1764865929886 6 958
1764865929912 6 959
1764865929939 6 960
1764865929969 6 961
1764865929995 6 962
1764865930022 6 963
1764865930051 6 964
1764865930079 6 965
1764865930106 6 966
1764865930136 6 967
1764865930162 6 968
1764865930188 6 969
1764865930218 6 970
1764865930244 6 971
1764865930285 6 972
1764865930318 6 973
1764865930347 6 974
1764865930376 6 975
1764865930403 6 976
1764865930430 6 977
1764865930457 6 978
1764865930486 6 979
1764865930512 6 980
1764865930539 6 981
1764865930568 6 982
1764865930593 6 983
1764865930622 6 984
1764865930650 6 985
1764865930679 6 986
1764865930704 6 987
1764865930731 6 988
1764865930760 6 989
1764865930786 6 990
1764865930813 6 991
1764865930842 6 992
1764865930870 6 993
1764865930895 6 994
1764865930922 6 995
1764865930952 6 996
1764865930977 6 997
1764865931004 6 998
1764865931034 6 999
1764865931062 6 1000
1764865931087 6 1001
1764865931114 6 1002
1764865931144 6 1003
1764865931169 6 1004
1764865931196 6 1005
1764865931225 6 1006
1764865931253 6 1007
1764865931279 6 1008
1764865931305 6 1009
1764865931334 6 1010
1764865931362 6 1011
1764865931388 6 1012
1764865931414 6 1013
1764865931443 6 1014
1764865931469 6 1015
1764865931496 6 1016
1764865931526 6 1017
1764865931553 6 1018
1764865931579 6 1019
1764865931606 6 1020
1764865931636 6 1021
1764865931662 6 1022
1764865931688 6 1023
1764865931718 6 1024
1764865931746 6 1025
1764865931772 6 1026
1764865931799 6 1027
1764865931828 6 1028
1764865931853 6 1029
1764865931879 6 1030
1764865931908 6 1031
1764865931936 6 1032
1764865931961 6 1033
1764865931987 6 1034
1764865932016 6 1035
1764865932044 6 1036
1764865932070 6 1037
1764865932097 6 1038
1764865932126 6 1039
1764865932152 6 1040
1764865932179 6 1041
1764865932208 6 1042
1764865932236 6 1043
1764865932262 6 1044
1764865932289 6 1045
1764865932318 6 1046
1764865932345 6 1047
1764865932371 6 1048
1764865932398 6 1049
1764865932427 6 1050
1764865932452 6 1051
1764865932479 6 1052
1764865932508 6 1053
1764865932538 6 1054
1764865932564 6 1055
1764865932592 6 1056
1764865932620 6 1057
1764865932646 6 1058
1764865932673 6 1059
1764865932702 6 1060
1764865932727 6 1061
1764865932754 6 1062
1764865932784 6 1063
1764865932812 6 1064
1764865932838 6 1065
1764865932864 6 1066
1764865932894 6 1067
1764865932919 6 1068
1764865932946 6 1069
1764865932975 6 1070
1764865933003 6 1071
1764865933029 6 1072
1764865933056 6 1073
1764865933085 6 1074
1764865933110 6 1075
1764865933138 6 1076
1764865933167 6 1077
1764865933195 6 1078
1764865933221 6 1079
1764865933248 6 1080
1764865933277 6 1081
1764865933302 6 1082
1764865933329 6 1083
1764865933358 6 1084
1764865933386 6 1085
1764865933412 6 1086
1764865933438 6 1087
1764865933467 6 1088
1764865933495 6 1089
1764865933521 6 1090
1764865933547 6 1091
1764865934074 6 1091
1764865934107 7 1092
1764865934136 7 1093
1764865934162 7 1094
1764865934189 7 1095
1764865934219 7 1096
1764865934244 7 1097
1764865934271 7 1098
1764865934300 7 1099
1764865934329 7 1100
1764865934355 7 1101
1764865934381 7 1102
1764865934411 7 1103
1764865934437 7 1104
1764865934464 7 1105
1764865934494 7 1106
1764865934519 7 1107
1764865934545 7 1108
1764865934574 7 1109
1764865934603 7 1110
1764865934628 7 1111
1764865934655 7 1112
1764865934684 7 1113
1764865934712 7 1114
1764865934738 7 1115
1764865934765 7 1116
1764865934794 7 1117
1764865934820 7 1118
1764865934847 7 1119
1764865934876 7 1120
1764865934904 7 1121
1764865934930 7 1122
1764865934956 7 1123
1764865934986 7 1124
1764865935011 7 1125
1764865935038 7 1126
1764865935067 7 1127
1764865935099 7 1128
1764865935128 7 1129
1764865935154 7 1130
1764865935180 7 1131
1764865935208 7 1132
1764865935237 7 1133
1764865935263 7 1134
1764865935289 7 1135
1764865935319 7 1136
1764865935345 7 1137
1764865935373 7 1138
1764865935402 7 1139
1764865935428 7 1140
1764865935455 7 1141
1764865935484 7 1142
1764865935512 7 1143
1764865935539 7 1144
1764865935566 7 1145
1764865935595 7 1146
1764865935621 7 1147
1764865935647 7 1148
1764865935677 7 1149
1764865935703 7 1150
1764865935730 7 1151
1764865935759 7 1152
1764865935785 7 1153
1764865935814 7 1154
1764865935844 7 1155
1764865935870 7 1156
1764865935896 7 1157
1764865935926 7 1158
1764865935952 7 1159
1764865935979 7 1160
1764865936008 7 1161
1764865936037 7 1162
1764865936062 7 1163
1764865936089 7 1164
1764865936118 7 1165
1764865936144 7 1166
1764865936171 7 1167
1764865936200 7 1168
1764865936229 7 1169
1764865936255 7 1170
1764865936281 7 1171
1764865936310 7 1172
1764865936335 7 1173
1764865936363 7 1174
1764865936392 7 1175
1764865936420 7 1176
1764865936446 7 1177
1764865936472 7 1178
1764865936502 7 1179
1764865936527 7 1180
1764865936554 7 1181
1764865936583 7 1182
1764865936612 7 1183
1764865936637 7 1184
1764865936664 7 1185
1764865936693 7 1186
1764865936746 7 1187
1764865936773 7 1188
1764865936801 7 1189
1764865936829 7 1190
1764865936855 7 1191
1764865936881 7 1192
1764865936911 7 1193
1764865936936 7 1194
1764865936963 7 1195
1764865936992 7 1196
1764865937020 7 1197
1764865937045 7 1198
1764865937072 7 1199
1764865937103 7 1200
1764865937136 7 1201
1764865937161 7 1202
1764865937188 7 1203
1764865937218 7 1204
1764865937246 7 1205
1764865937272 7 1206
1764865937298 7 1207
1764865937327 7 1208
1764865937353 7 1209
1764865937379 7 1210
1764865937411 7 1211
1764865937437 7 1212
1764865937465 7 1213
1764865937494 7 1214
1764865937519 7 1215
1764865937546 7 1216
1764865937576 7 1217
1764865937604 7 1218
1764865937630 7 1219
1764865937656 7 1220
1764865937685 7 1221
1764865937711 7 1222
1764865937738 7 1223
1764865937767 7 1224
1764865937795 7 1225
1764865937821 7 1226
1764865937848 7 1227
1764865937878 7 1228
1764865937904 7 1229
1764865937930 7 1230
1764865937960 7 1231
1764865937985 7 1232
1764865938013 7 1233
1764865938043 7 1234
1764865938071 7 1235
1764865938099 7 1236
1764865938130 7 1237
1764865938160 7 1238
1764865938185 7 1239
1764865938213 7 1240
1764865938242 7 1241
1764865938270 7 1242
1764865938295 7 1243
1764865938322 7 1244
1764865938352 7 1245
1764865938377 7 1246
1764865938404 7 1247
1764865938928 7 1247
1764865938960 8 1248
1764865938989 8 1249
1764865939018 8 1250
1764865939047 8 1251
1764865939073 8 1252
1764865939100 8 1253
1764865939130 8 1254
1764865939159 8 1255
1764865939186 8 1256
1764865939213 8 1257
1764865939241 8 1258
1764865939268 8 1259
1764865939295 8 1260
1764865939324 8 1261
1764865939350 8 1262
1764865939377 8 1263
1764865939406 8 1264
1764865939431 8 1265
1764865939458 8 1266
1764865939488 8 1267
1764865939516 8 1268
1764865939542 8 1269
1764865939568 8 1270
1764865939597 8 1271
1764865939623 8 1272
1764865939650 8 1273
1764865939679 8 1274
1764865939707 8 1275
1764865939733 8 1276
1764865939760 8 1277
1764865939789 8 1278
1764865939814 8 1279
1764865939840 8 1280
1764865939867 8 1281
1764865939896 8 1282
1764865939924 8 1283
1764865939950 8 1284
1764865939978 8 1285
1764865940006 8 1286
1764865940032 8 1287
1764865940059 8 1288
1764865940088 8 1289
1764865940116 8 1290
1764865940142 8 1291
1764865940169 8 1292
1764865940198 8 1293
1764865940223 8 1294
1764865940250 8 1295
1764865940279 8 1296
1764865940307 8 1297
1764865940334 8 1298
1764865940360 8 1299
1764865940389 8 1300
1764865940415 8 1301
1764865940442 8 1302
1764865940471 8 1303
1764865940500 8 1304
1764865940525 8 1305
1764865940552 8 1306
1764865940581 8 1307
1764865940606 8 1308
1764865940634 8 1309
1764865940663 8 1310
1764865940691 8 1311
1764865940716 8 1312
1764865940743 8 1313
1764865940772 8 1314
1764865940797 8 1315
1764865940825 8 1316
1764865940855 8 1317
1764865940883 8 1318
1764865940909 8 1319
1764865940935 8 1320
1764865940964 8 1321
1764865940990 8 1322
1764865941017 8 1323
1764865941045 8 1324
1764865941074 8 1325
1764865941100 8 1326
1764865941127 8 1327
1764865941156 8 1328
1764865941182 8 1329
1764865941209 8 1330
1764865941237 8 1331
1764865941266 8 1332
1764865941291 8 1333
1764865941317 8 1334
1764865941347 8 1335
1764865941372 8 1336
1764865941399 8 1337
1764865941427 8 1338
1764865941456 8 1339
1764865941481 8 1340
1764865941508 8 1341
1764865941537 8 1342
1764865941566 8 1343
1764865941591 8 1344
1764865941618 8 1345
1764865941646 8 1346
1764865941675 8 1347
1764865941701 8 1348
1764865941727 8 1349
1764865941756 8 1350
1764865941781 8 1351
1764865941809 8 1352
1764865941838 8 1353
1764865941866 8 1354
1764865941892 8 1355
1764865941919 8 1356
1764865941948 8 1357
1764865941973 8 1358
1764865942000 8 1359
1764865942029 8 1360
1764865942057 8 1361
1764865942083 8 1362
1764865942109 8 1363
1764865942139 8 1364
1764865942164 8 1365
1764865942190 8 1366
1764865942218 8 1367
1764865942246 8 1368
1764865942274 8 1369
1764865942300 8 1370
1764865942327 8 1371
1764865942356 8 1372
1764865942382 8 1373
1764865942409 8 1374
1764865942438 8 1375
1764865942467 8 1376
1764865942492 8 1377
1764865942518 8 1378
1764865942548 8 1379
1764865942574 8 1380
1764865942600 8 1381
1764865942629 8 1382
1764865942658 8 1383
1764865942683 8 1384
1764865942709 8 1385
1764865942738 8 1386
1764865942766 8 1387
1764865942793 8 1388
1764865942819 8 1389
1764865942848 8 1390
1764865942873 8 1391
1764865942900 8 1392
1764865942929 8 1393
1764865942958 8 1394
1764865942983 8 1395
1764865943010 8 1396
1764865943039 8 1397
1764865943064 8 1398
1764865943091 8 1399
1764865943121 8 1400
1764865943149 8 1401
1764865943175 8 1402
1764865943202 8 1403
1764865943752 8 1403
1764865943794 9 1404
1764865943823 9 1405
1764865943848 9 1406
1764865943875 9 1407
1764865943905 9 1408
1764865943931 9 1409
1764865943957 9 1410
1764865943985 9 1411
1764865944015 9 1412
1764865944041 9 1413
1764865944068 9 1414
1764865944097 9 1415
1764865944125 9 1416
1764865944151 9 1417
1764865944178 9 1418
1764865944207 9 1419
1764865944232 9 1420
1764865944259 9 1421
1764865944288 9 1422
1764865944316 9 1423
1764865944342 9 1424
1764865944369 9 1425
1764865944398 9 1426
1764865944424 9 1427
1764865944450 9 1428
1764865944479 9 1429
1764865944508 9 1430
1764865944533 9 1431
1764865944560 9 1432
1764865944589 9 1433
1764865944614 9 1434
1764865944642 9 1435
1764865944671 9 1436
1764865944699 9 1437
1764865944724 9 1438
1764865944751 9 1439
1764865944780 9 1440
1764865944806 9 1441
1764865944833 9 1442
1764865944862 9 1443
1764865944891 9 1444
1764865944918 9 1445
1764865944945 9 1446
1764865944974 9 1447
1764865944998 9 1448
1764865945025 9 1449
1764865945055 9 1450
1764865945083 9 1451
1764865945109 9 1452
1764865945135 9 1453
1764865945164 9 1454
1764865945190 9 1455
1764865945217 9 1456
1764865945247 9 1457
1764865945275 9 1458
1764865945300 9 1459
1764865945327 9 1460
1764865945356 9 1461
1764865945381 9 1462
1764865945409 9 1463
1764865945438 9 1464
1764865945466 9 1465
1764865945492 9 1466
1764865945518 9 1467
1764865945547 9 1468
1764865945572 9 1469
1764865945600 9 1470
1764865945629 9 1471
1764865945657 9 1472
1764865945683 9 1473
1764865945709 9 1474
1764865945739 9 1475
1764865945764 9 1476
1764865945791 9 1477
1764865945820 9 1478
1764865945849 9 1479
1764865945874 9 1480
1764865945901 9 1481
1764865945930 9 1482
1764865945958 9 1483
1764865945983 9 1484
1764865946010 9 1485
1764865946039 9 1486
1764865946064 9 1487
1764865946092 9 1488
1764865946123 9 1489
1764865946148 9 1490
1764865946175 9 1491
1764865946204 9 1492
1764865946233 9 1493
1764865946258 9 1494
1764865946285 9 1495
1764865946314 9 1496
1764865946339 9 1497
1764865946366 9 1498
1764865946395 9 1499
1764865946423 9 1500
1764865946449 9 1501
1764865946476 9 1502
1764865946505 9 1503
1764865946533 9 1504
1764865946559 9 1505
1764865946585 9 1506
1764865946614 9 1507
1764865946640 9 1508
1764865946667 9 1509
1764865946696 9 1510
1764865946724 9 1511
1764865946750 9 1512
1764865946776 9 1513
1764865946805 9 1514
1764865946833 9 1515
1764865946858 9 1516
1764865946885 9 1517
1764865946914 9 1518
1764865946939 9 1519
1764865946966 9 1520
1764865946993 9 1521
1764865947023 9 1522
1764865947048 9 1523
1764865947075 9 1524
1764865947105 9 1525
1764865947133 9 1526
1764865947159 9 1527
1764865947185 9 1528
1764865947215 9 1529
1764865947240 9 1530
1764865947266 9 1531
1764865947296 9 1532
1764865947324 9 1533
1764865947350 9 1534
1764865947376 9 1535
1764865947405 9 1536
1764865947433 9 1537
1764865947458 9 1538
1764865947485 9 1539
1764865947514 9 1540
1764865947540 9 1541
1764865947567 9 1542
1764865947596 9 1543
1764865947625 9 1544
1764865947650 9 1545
1764865947676 9 1546
1764865947705 9 1547
1764865947731 9 1548
1764865947758 9 1549
1764865947787 9 1550
1764865947815 9 1551
1764865947841 9 1552
1764865947867 9 1553
1764865947897 9 1554
1764865947924 9 1555
1764865947950 9 1556
1764865947977 9 1557
1764865948008 9 1558
1764865948034 9 1559
1764865948559 9 1559
1764865948600 10 1560
1764865948625 10 1561
1764865948653 10 1562
1764865948682 10 1563
1764865948708 10 1564
1764865948734 10 1565
1764865948764 10 1566
1764865948792 10 1567
1764865948818 10 1568
1764865948845 10 1569
1764865948873 10 1570
1764865948899 10 1571
1764865948926 10 1572
1764865948955 10 1573
1764865948983 10 1574
1764865949010 10 1575
1764865949038 10 1576
1764865949065 10 1577
1764865949094 10 1578
1764865949119 10 1579
1764865949146 10 1580
1764865949175 10 1581
1764865949204 10 1582
1764865949230 10 1583
1764865949257 10 1584
1764865949286 10 1585
1764865949311 10 1586
1764865949338 10 1587
1764865949367 10 1588
1764865949395 10 1589
1764865949421 10 1590
1764865949448 10 1591
1764865949477 10 1592
1764865949503 10 1593
1764865949529 10 1594
1764865949558 10 1595
1764865949587 10 1596
1764865949626 10 1597
1764865949659 10 1598
1764865949687 10 1599
1764865949714 10 1600
1764865949741 10 1601
1764865949769 10 1602
1764865949795 10 1603
1764865949822 10 1604
1764865949851 10 1605
1764865949879 10 1606
1764865949905 10 1607
1764865949931 10 1608
1764865949960 10 1609
1764865949986 10 1610
1764865950013 10 1611
1764865950042 10 1612
1764865950070 10 1613
1764865950096 10 1614
1764865950123 10 1615
1764865950151 10 1616
1764865950179 10 1617
1764865950205 10 1618
1764865950232 10 1619
1764865950261 10 1620
1764865950286 10 1621
1764865950312 10 1622
1764865950342 10 1623
1764865950370 10 1624
1764865950395 10 1625
1764865950422 10 1626
1764865950451 10 1627
1764865950477 10 1628
1764865950505 10 1629
1764865950534 10 1630
1764865950562 10 1631
1764865950588 10 1632
1764865950614 10 1633
1764865950644 10 1634
1764865950669 10 1635
1764865950696 10 1636
1764865950725 10 1637
1764865950753 10 1638
1764865950778 10 1639
1764865950805 10 1640
1764865950835 10 1641
1764865950860 10 1642
1764865950886 10 1643
1764865950914 10 1644
1764865950943 10 1645
1764865950971 10 1646
1764865950997 10 1647
1764865951024 10 1648
1764865951053 10 1649
1764865951079 10 1650
1764865951106 10 1651
1764865951135 10 1652
1764865951160 10 1653
1764865951188 10 1654
1764865951218 10 1655
1764865951246 10 1656
1764865951271 10 1657
1764865951298 10 1658
1764865951327 10 1659
1764865951353 10 1660
1764865951380 10 1661
1764865951409 10 1662
1764865951437 10 1663
1764865951463 10 1664
1764865951490 10 1665
1764865951519 10 1666
1764865951546 10 1667
1764865951573 10 1668
1764865951602 10 1669
1764865951627 10 1670
1764865951655 10 1671
1764865951684 10 1672
1764865951712 10 1673
1764865951738 10 1674
1764865951764 10 1675
1764865951794 10 1676
1764865951819 10 1677
1764865951846 10 1678
1764865951875 10 1679
1764865951903 10 1680
1764865951929 10 1681
1764865951956 10 1682
1764865951985 10 1683
1764865952010 10 1684
1764865952037 10 1685
1764865952066 10 1686
1764865952095 10 1687
1764865952121 10 1688
1764865952148 10 1689
1764865952177 10 1690
1764865952202 10 1691
1764865952230 10 1692
1764865952259 10 1693
1764865952287 10 1694
1764865952313 10 1695
1764865952340 10 1696
1764865952369 10 1697
1764865952394 10 1698
1764865952421 10 1699
1764865952451 10 1700
1764865952479 10 1701
1764865952505 10 1702
1764865952532 10 1703
1764865952561 10 1704
1764865952587 10 1705
1764865952613 10 1706
1764865952642 10 1707
1764865952670 10 1708
1764865952696 10 1709
1764865952725 10 1710
1764865952754 10 1711
1764865952780 10 1712
1764865952806 10 1713
1764865952835 10 1714
1764865952861 10 1715
1764865953387 10 1715
1764865953428 11 1716
1764865953457 11 1717
1764865953482 11 1718
1764865953509 11 1719
1764865953538 11 1720
1764865953566 11 1721
1764865953592 11 1722
1764865953618 11 1723
1764865953647 11 1724
1764865953675 11 1725
1764865953700 11 1726
1764865953727 11 1727
1764865953756 11 1728
1764865953781 11 1729
1764865953808 11 1730
1764865953837 11 1731
1764865953866 11 1732
1764865953891 11 1733
1764865953918 11 1734
1764865953947 11 1735
1764865953975 11 1736
1764865954003 11 1737
1764865954031 11 1738
1764865954061 11 1739
1764865954090 11 1740
1764865954117 11 1741
1764865954144 11 1742
1764865954173 11 1743
1764865954198 11 1744
1764865954225 11 1745
1764865954255 11 1746
1764865954283 11 1747
1764865954309 11 1748
1764865954336 11 1749
1764865954365 11 1750
1764865954390 11 1751
1764865954417 11 1752
1764865954445 11 1753
1764865954474 11 1754
1764865954499 11 1755
1764865954525 11 1756
1764865954554 11 1757
1764865954582 11 1758
1764865954607 11 1759
1764865954634 11 1760
1764865954663 11 1761
1764865954691 11 1762
1764865954717 11 1763
1764865954743 11 1764
1764865954772 11 1765
1764865954798 11 1766
1764865954826 11 1767
1764865954855 11 1768
1764865954883 11 1769
1764865954908 11 1770
1764865954935 11 1771
1764865954964 11 1772
1764865954989 11 1773
1764865955017 11 1774
1764865955046 11 1775
1764865955074 11 1776
1764865955101 11 1777
1764865955129 11 1778
1764865955157 11 1779
1764865955183 11 1780
1764865955210 11 1781
1764865955239 11 1782
1764865955264 11 1783
1764865955291 11 1784
1764865955319 11 1785
1764865955348 11 1786
1764865955373 11 1787
1764865955401 11 1788
1764865955430 11 1789
1764865955458 11 1790
1764865955484 11 1791
1764865955510 11 1792
1764865955539 11 1793
1764865955565 11 1794
1764865955592 11 1795
1764865955622 11 1796
1764865955650 11 1797
1764865955676 11 1798
1764865955703 11 1799
1764865955732 11 1800
1764865955757 11 1801
1764865955784 11 1802
1764865955813 11 1803
1764865955841 11 1804
1764865955867 11 1805
1764865955894 11 1806
1764865955923 11 1807
1764865955975 11 1808
1764865956002 11 1809
1764865956032 11 1810
1764865956057 11 1811
1764865956084 11 1812
1764865956114 11 1813
1764865956140 11 1814
1764865956166 11 1815
1764865956195 11 1816
1764865956224 11 1817
1764865956250 11 1818
1764865956277 11 1819
1764865956306 11 1820
1764865956331 11 1821
1764865956358 11 1822
1764865956387 11 1823
1764865956416 11 1824
1764865956441 11 1825
1764865956467 11 1826
1764865956497 11 1827
1764865956525 11 1828
1764865956551 11 1829
1764865956577 11 1830
1764865956607 11 1831
1764865956632 11 1832
1764865956659 11 1833
1764865956688 11 1834
1764865956716 11 1835
1764865956742 11 1836
1764865956769 11 1837
1764865956798 11 1838
1764865956823 11 1839
1764865956850 11 1840
1764865956880 11 1841
1764865956908 11 1842
1764865956934 11 1843
1764865956961 11 1844
1764865956990 11 1845
1764865957016 11 1846
1764865957042 11 1847
1764865957072 11 1848
1764865957100 11 1849
1764865957125 11 1850
1764865957152 11 1851
1764865957180 11 1852
1764865957206 11 1853
1764865957233 11 1854
1764865957262 11 1855
1764865957290 11 1856
1764865957316 11 1857
1764865957342 11 1858
1764865957371 11 1859
1764865957399 11 1860
1764865957424 11 1861
1764865957450 11 1862
1764865957478 11 1863
1764865957507 11 1864
1764865957533 11 1865
1764865957559 11 1866
1764865957588 11 1867
1764865957616 11 1868
1764865957642 11 1869
1764865957669 11 1870
1764865957698 11 1871
1764865958224 11 1871
1764865958256 12 1872
1764865958281 12 1873
1764865958309 12 1874
1764865958339 12 1875
1764865958367 12 1876
1764865958392 12 1877
1764865958419 12 1878
1764865958448 12 1879
1764865958474 12 1880
1764865958500 12 1881
1764865958530 12 1882
1764865958558 12 1883
1764865958584 12 1884
1764865958611 12 1885
1764865958640 12 1886
1764865958665 12 1887
1764865958692 12 1888
1764865958721 12 1889
1764865958749 12 1890
1764865958775 12 1891
1764865958802 12 1892
1764865958831 12 1893
1764865958857 12 1894
1764865958884 12 1895
1764865958913 12 1896
1764865958941 12 1897
1764865958967 12 1898
1764865958994 12 1899
1764865959023 12 1900
1764865959049 12 1901
1764865959075 12 1902
1764865959105 12 1903
1764865959134 12 1904
1764865959159 12 1905
1764865959186 12 1906
1764865959215 12 1907
1764865959241 12 1908
1764865959268 12 1909
1764865959401 12 1910
1764865959442 12 1911
1764865959475 12 1912
1764865959502 12 1913
1764865959533 12 1914
1764865959563 12 1915
1764865959592 12 1916
1764865959618 12 1917
1764865959645 12 1918
1764865959674 12 1919
1764865959700 12 1920
1764865959727 12 1921
1764865959756 12 1922
1764865959782 12 1923
1764865959809 12 1924
1764865959838 12 1925
1764865959867 12 1926
1764865959893 12 1927
1764865959919 12 1928
1764865959948 12 1929
1764865959974 12 1930
1764865960001 12 1931
1764865960031 12 1932
1764865960057 12 1933
1764865960084 12 1934
1764865960116 12 1935
1764865960144 12 1936
1764865960172 12 1937
1764865960200 12 1938
1764865960226 12 1939
1764865960253 12 1940
1764865960282 12 1941
1764865960308 12 1942
1764865960336 12 1943
1764865960365 12 1944
1764865960391 12 1945
1764865960418 12 1946
1764865960447 12 1947
1764865960472 12 1948
1764865960500 12 1949
1764865960528 12 1950
1764865960557 12 1951
1764865960582 12 1952
1764865960609 12 1953
1764865960638 12 1954
1764865960666 12 1955
1764865960691 12 1956
1764865960718 12 1957
1764865960747 12 1958
1764865960775 12 1959
1764865960801 12 1960
1764865960828 12 1961
1764865960857 12 1962
1764865960883 12 1963
1764865960910 12 1964
1764865960939 12 1965
1764865960965 12 1966
1764865960992 12 1967
1764865961021 12 1968
1764865961049 12 1969
1764865961075 12 1970
1764865961106 12 1971
1764865961134 12 1972
1764865961160 12 1973
1764865961187 12 1974
1764865961215 12 1975
1764865961241 12 1976
1764865961269 12 1977
1764865961298 12 1978
1764865961323 12 1979
1764865961351 12 1980
1764865961380 12 1981
1764865961408 12 1982
1764865961434 12 1983
1764865961461 12 1984
1764865961490 12 1985
1764865961516 12 1986
1764865961542 12 1987
1764865961571 12 1988
1764865961599 12 1989
1764865961624 12 1990
1764865961651 12 1991
1764865961680 12 1992
1764865961708 12 1993
1764865961734 12 1994
1764865961761 12 1995
1764865961790 12 1996
1764865961815 12 1997
1764865961842 12 1998
1764865961871 12 1999
1764865961899 12 2000
1764865961924 12 2001
1764865961951 12 2002
1764865961980 12 2003
1764865962008 12 2004
1764865962034 12 2005
1764865962061 12 2006
1764865962090 12 2007
1764865962117 12 2008
1764865962145 12 2009
1764865962174 12 2010
1764865962200 12 2011
1764865962227 12 2012
1764865962256 12 2013
1764865962282 12 2014
1764865962309 12 2015
1764865962339 12 2016
1764865962364 12 2017
1764865962391 12 2018
1764865962420 12 2019
1764865962449 12 2020
1764865962475 12 2021
1764865962501 12 2022
1764865962530 12 2023
1764865962558 12 2024
1764865962584 12 2025
1764865962634 12 2026
1764865962682 12 2027
1764865963205 12 2027
1764865963237 13 2028
1764865963266 13 2029
1764865963292 13 2030
1764865963318 13 2031
1764865963348 13 2032
1764865963373 13 2033
1764865963401 13 2034
1764865963430 13 2035
1764865963458 13 2036
1764865963484 13 2037
1764865963511 13 2038
1764865963540 13 2039
1764865963565 13 2040
1764865963592 13 2041
1764865963622 13 2042
1764865963648 13 2043
1764865963675 13 2044
1764865963704 13 2045
1764865963733 13 2046
1764865963758 13 2047
1764865963785 13 2048
1764865963815 13 2049
1764865963840 13 2050
1764865963868 13 2051
1764865963897 13 2052
1764865963925 13 2053
1764865963951 13 2054
1764865963978 13 2055
1764865964007 13 2056
1764865964033 13 2057
1764865964060 13 2058
1764865964089 13 2059
1764865964116 13 2060
1764865964143 13 2061
1764865964172 13 2062
1764865964199 13 2063
1764865964226 13 2064
1764865964255 13 2065
1764865964283 13 2066
1764865964308 13 2067
1764865964335 13 2068
1764865964365 13 2069
1764865964390 13 2070
1764865964417 13 2071
1764865964446 13 2072
1764865964475 13 2073
1764865964500 13 2074
1764865964527 13 2075
1764865964556 13 2076
1764865964582 13 2077
1764865964609 13 2078
1764865964638 13 2079
1764865964666 13 2080
1764865964691 13 2081
1764865964719 13 2082
1764865964748 13 2083
1764865964775 13 2084
1764865964802 13 2085
1764865964831 13 2086
1764865964857 13 2087
1764865964884 13 2088
1764865964913 13 2089
1764865964941 13 2090
1764865964967 13 2091
1764865964994 13 2092
1764865965023 13 2093
1764865965048 13 2094
1764865965076 13 2095
1764865965105 13 2096
1764865965134 13 2097
1764865965159 13 2098
1764865965185 13 2099
1764865965214 13 2100
1764865965242 13 2101
1764865965267 13 2102
1764865965295 13 2103
1764865965324 13 2104
1764865965349 13 2105
1764865965376 13 2106
1764865965405 13 2107
1764865965434 13 2108
1764865965462 13 2109
1764865965490 13 2110
1764865965516 13 2111
1764865965543 13 2112
1764865965572 13 2113
1764865965598 13 2114
1764865965625 13 2115
1764865965654 13 2116
1764865965683 13 2117
1764865965711 13 2118
1764865965739 13 2119
1764865965770 13 2120
1764865965798 13 2121
1764865965824 13 2122
1764865965851 13 2123
1764865965880 13 2124
1764865965906 13 2125
1764865965934 13 2126
1764865965963 13 2127
1764865965991 13 2128
1764865966017 13 2129
1764865966043 13 2130
1764865966072 13 2131
1764865966097 13 2132
1764865966124 13 2133
1764865966153 13 2134
1764865966182 13 2135
1764865966208 13 2136
1764865966234 13 2137
1764865966263 13 2138
1764865966291 13 2139
1764865966317 13 2140
1764865966345 13 2141
1764865966373 13 2142
1764865966399 13 2143
1764865966425 13 2144
1764865966454 13 2145
1764865966483 13 2146
1764865966508 13 2147
1764865966535 13 2148
1764865966565 13 2149
1764865966590 13 2150
1764865966617 13 2151
1764865966646 13 2152
1764865966674 13 2153
1764865966701 13 2154
1764865966728 13 2155
1764865966757 13 2156
1764865966782 13 2157
1764865966809 13 2158
1764865966838 13 2159
1764865966866 13 2160
1764865966892 13 2161
1764865966919 13 2162
1764865966948 13 2163
1764865966975 13 2164
1764865967001 13 2165
1764865967031 13 2166
1764865967056 13 2167
1764865967084 13 2168
1764865967114 13 2169
1764865967140 13 2170
1764865967167 13 2171
1764865967196 13 2172
1764865967224 13 2173
1764865967251 13 2174
1764865967279 13 2175
1764865967308 13 2176
1764865967333 13 2177
1764865967360 13 2178
1764865967389 13 2179
1764865967415 13 2180
1764865967442 13 2181
1764865967471 13 2182
1764865967500 13 2183
1764865968022 13 2183
1764865968055 14 2184
1764865968082 14 2185
1764865968137 14 2186
1764865968169 14 2187
1764865968200 14 2188
1764865968226 14 2189
1764865968255 14 2190
1764865968286 14 2191
1764865968316 14 2192
1764865968344 14 2193
1764865968372 14 2194
1764865968399 14 2195
1764865968427 14 2196
1764865968456 14 2197
1764865968485 14 2198
1764865968514 14 2199
1764865968540 14 2200
1764865968567 14 2201
1764865968596 14 2202
1764865968625 14 2203
1764865968651 14 2204
1764865968678 14 2205
1764865968707 14 2206
1764865968732 14 2207
1764865968759 14 2208
1764865968807 14 2209
1764865968836 14 2210
1764865968863 14 2211
1764865968891 14 2212
1764865968918 14 2213
1764865968948 14 2214
1764865968976 14 2215
1764865969006 14 2216
1764865969031 14 2217
1764865969059 14 2218
1764865969087 14 2219
1764865969116 14 2220
1764865969142 14 2221
1764865969168 14 2222
1764865969198 14 2223
1764865969223 14 2224
1764865969250 14 2225
1764865969279 14 2226
1764865969307 14 2227
1764865969333 14 2228
1764865969360 14 2229
1764865969389 14 2230
1764865969415 14 2231
1764865969442 14 2232
1764865969471 14 2233
1764865969500 14 2234
1764865969525 14 2235
1764865969552 14 2236
1764865969581 14 2237
1764865969607 14 2238
1764865969634 14 2239
1764865969663 14 2240
1764865969691 14 2241
1764865969717 14 2242
1764865969743 14 2243
1764865969772 14 2244
1764865969797 14 2245
1764865969824 14 2246
1764865969852 14 2247
1764865969881 14 2248
1764865969907 14 2249
1764865969934 14 2250
1764865969963 14 2251
1764865969991 14 2252
1764865970017 14 2253
1764865970044 14 2254
1764865970073 14 2255
1764865970098 14 2256
1764865970127 14 2257
1764865970156 14 2258
1764865970182 14 2259
1764865970209 14 2260
1764865970238 14 2261
1764865970266 14 2262
1764865970292 14 2263
1764865970319 14 2264
1764865970348 14 2265
1764865970374 14 2266
1764865970400 14 2267
1764865970429 14 2268
1764865970457 14 2269
1764865970483 14 2270
1764865970510 14 2271
1764865970539 14 2272
1764865970565 14 2273
1764865970593 14 2274
1764865970622 14 2275
1764865970650 14 2276
1764865970675 14 2277
1764865970702 14 2278
1764865970731 14 2279
1764865970756 14 2280
1764865970784 14 2281
1764865970813 14 2282
1764865970841 14 2283
1764865970866 14 2284
1764865970893 14 2285
1764865970923 14 2286
1764865970948 14 2287
1764865970975 14 2288
1764865971004 14 2289
1764865971033 14 2290
1764865971058 14 2291
1764865971085 14 2292
1764865971115 14 2293
1764865971141 14 2294
1764865971168 14 2295
1764865971197 14 2296
1764865971222 14 2297
1764865971249 14 2298
1764865971278 14 2299
1764865971307 14 2300
1764865971333 14 2301
1764865971360 14 2302
1764865971389 14 2303
1764865971415 14 2304
1764865971442 14 2305
1764865971471 14 2306
1764865971499 14 2307
1764865971526 14 2308
1764865971553 14 2309
1764865971582 14 2310
1764865971609 14 2311
1764865971635 14 2312
1764865971664 14 2313
1764865971690 14 2314
1764865971717 14 2315
1764865971746 14 2316
1764865971775 14 2317
1764865971801 14 2318
1764865971828 14 2319
1764865971857 14 2320
1764865971883 14 2321
1764865971909 14 2322
1764865971939 14 2323
1764865971965 14 2324
1764865971993 14 2325
1764865972022 14 2326
1764865972050 14 2327
1764865972076 14 2328
1764865972104 14 2329
1764865972132 14 2330
1764865972158 14 2331
1764865972185 14 2332
1764865972214 14 2333
1764865972240 14 2334
1764865972267 14 2335
1764865972296 14 2336
1764865972324 14 2337
1764865972350 14 2338
1764865972377 14 2339
1764865972907 14 2339
1764865972939 15 2340
1764865972965 15 2341
1764865972992 15 2342
1764865973021 15 2343
1764865973049 15 2344
1764865973075 15 2345
1764865973104 15 2346
1764865973133 15 2347
1764865973158 15 2348
1764865973185 15 2349
1764865973213 15 2350
1764865973238 15 2351
1764865973264 15 2352
1764865973294 15 2353
1764865973319 15 2354
1764865973347 15 2355
1764865973377 15 2356
1764865973403 15 2357
1764865973430 15 2358
1764865973459 15 2359
1764865973487 15 2360
1764865973512 15 2361
1764865973538 15 2362
1764865973567 15 2363
1764865973596 15 2364
1764865973622 15 2365
1764865973648 15 2366
1764865973677 15 2367
1764865973703 15 2368
1764865973729 15 2369
1764865973759 15 2370
1764865973787 15 2371
1764865973813 15 2372
1764865973840 15 2373
1764865973869 15 2374
1764865973895 15 2375
1764865973921 15 2376
1764865973950 15 2377
1764865973979 15 2378
1764865974006 15 2379
1764865974034 15 2380
1764865974062 15 2381
1764865974089 15 2382
1764865974123 15 2383
1764865974153 15 2384
1764865974179 15 2385
1764865974205 15 2386
1764865974234 15 2387
1764865974262 15 2388
1764865974288 15 2389
1764865974315 15 2390
1764865974344 15 2391
1764865974370 15 2392
1764865974397 15 2393
1764865974426 15 2394
1764865974452 15 2395
1764865974479 15 2396
1764865974508 15 2397
1764865974537 15 2398
1764865974562 15 2399
1764865974589 15 2400
1764865974618 15 2401
1764865974646 15 2402
1764865974672 15 2403
1764865974698 15 2404
1764865974727 15 2405
1764865974753 15 2406
1764865974780 15 2407
1764865974809 15 2408
1764865974837 15 2409
1764865974862 15 2410
1764865974889 15 2411
1764865974918 15 2412
1764865974946 15 2413
1764865974971 15 2414
1764865974998 15 2415
1764865975027 15 2416
1764865975053 15 2417
1764865975080 15 2418
1764865975115 15 2419
1764865975145 15 2420
1764865975170 15 2421
1764865975197 15 2422
1764865975226 15 2423
1764865975251 15 2424
1764865975303 15 2425
1764865975330 15 2426
1764865975357 15 2427
1764865975386 15 2428
1764865975412 15 2429
1764865975438 15 2430
1764865975468 15 2431
1764865975493 15 2432
1764865975521 15 2433
1764865975550 15 2434
1764865975578 15 2435
1764865975604 15 2436
1764865975631 15 2437
1764865975660 15 2438
1764865975686 15 2439
1764865975712 15 2440
1764865975741 15 2441
1764865975770 15 2442
1764865975797 15 2443
1764865975824 15 2444
1764865975853 15 2445
1764865975879 15 2446
1764865975906 15 2447
1764865975936 15 2448
1764865975961 15 2449
1764865975988 15 2450
1764865976017 15 2451
1764865976046 15 2452
1764865976071 15 2453
1764865976097 15 2454
1764865976132 15 2455
1764865976160 15 2456
1764865976189 15 2457
1764865976219 15 2458
1764865976245 15 2459
1764865976272 15 2460
1764865976302 15 2461
1764865976328 15 2462
1764865976355 15 2463
1764865976384 15 2464
1764865976412 15 2465
1764865976437 15 2466
1764865976464 15 2467
1764865976493 15 2468
1764865976518 15 2469
1764865976546 15 2470
1764865976575 15 2471
1764865976604 15 2472
1764865976629 15 2473
1764865976656 15 2474
1764865976685 15 2475
1764865976711 15 2476
1764865976738 15 2477
1764865976767 15 2478
1764865976795 15 2479
1764865976821 15 2480
1764865976849 15 2481
1764865976877 15 2482
1764865976903 15 2483
1764865976930 15 2484
1764865976960 15 2485
1764865976985 15 2486
1764865977012 15 2487
1764865977040 15 2488
1764865977069 15 2489
1764865977095 15 2490
1764865977122 15 2491
1764865977153 15 2492
1764865977179 15 2493
1764865977206 15 2494
1764865977235 15 2495
1764865977761 15 2495
1764865977793 16 2496
1764865977821 16 2497
1764865977847 16 2498
1764865977873 16 2499
1764865977903 16 2500
1764865977928 16 2501
1764865977955 16 2502
1764865977984 16 2503
1764865978012 16 2504
1764865978038 16 2505
1764865978064 16 2506
1764865978093 16 2507
1764865978118 16 2508
1764865978145 16 2509
1764865978174 16 2510
1764865978203 16 2511
1764865978229 16 2512
1764865978256 16 2513
1764865978285 16 2514
1764865978310 16 2515
1764865978338 16 2516
1764865978368 16 2517
1764865978393 16 2518
1764865978421 16 2519
1764865978450 16 2520
1764865978479 16 2521
1764865978503 16 2522
1764865978530 16 2523
1764865978559 16 2524
1764865978587 16 2525
1764865978612 16 2526
1764865978640 16 2527
1764865978669 16 2528
1764865978695 16 2529
1764865978722 16 2530
1764865978751 16 2531
1764865978779 16 2532
1764865978805 16 2533
1764865978832 16 2534
1764865978861 16 2535
1764865978886 16 2536
1764865978913 16 2537
1764865978943 16 2538
1764865978971 16 2539
1764865978997 16 2540
1764865979025 16 2541
1764865979053 16 2542
1764865979079 16 2543
1764865979106 16 2544
1764865979136 16 2545
1764865979161 16 2546
1764865979188 16 2547
1764865979217 16 2548
1764865979246 16 2549
1764865979272 16 2550
1764865979298 16 2551
1764865979327 16 2552
1764865979353 16 2553
1764865979380 16 2554
1764865979408 16 2555
1764865979437 16 2556
1764865979463 16 2557
1764865979489 16 2558
1764865979518 16 2559
1764865979544 16 2560
1764865979571 16 2561
1764865979600 16 2562
1764865979628 16 2563
1764865979654 16 2564
1764865979680 16 2565
1764865979709 16 2566
1764865979738 16 2567
1764865979764 16 2568
1764865979790 16 2569
1764865979819 16 2570
1764865979844 16 2571
1764865979871 16 2572
1764865979900 16 2573
1764865979928 16 2574
1764865979954 16 2575
1764865979980 16 2576
1764865980011 16 2577
1764865980042 16 2578
1764865980071 16 2579
1764865980096 16 2580
1764865980124 16 2581
1764865980153 16 2582
1764865980179 16 2583
1764865980206 16 2584
1764865980236 16 2585
1764865980262 16 2586
1764865980292 16 2587
1764865980321 16 2588
1764865980347 16 2589
1764865980376 16 2590
1764865980404 16 2591
1764865980432 16 2592
1764865980459 16 2593
1764865980488 16 2594
1764865980514 16 2595
1764865980541 16 2596
1764865980570 16 2597
1764865980597 16 2598
1764865980624 16 2599
1764865980653 16 2600
1764865980679 16 2601
1764865980707 16 2602
1764865980736 16 2603
1764865980761 16 2604
1764865980788 16 2605
1764865980818 16 2606
1764865980844 16 2607
1764865980872 16 2608
1764865980901 16 2609
1764865980929 16 2610
1764865980955 16 2611
1764865980983 16 2612
1764865981011 16 2613
1764865981037 16 2614
1764865981064 16 2615
1764865981093 16 2616
1764865981119 16 2617
1764865981147 16 2618
1764865981176 16 2619
1764865981204 16 2620
1764865981230 16 2621
1764865981256 16 2622
1764865981285 16 2623
1764865981310 16 2624
1764865981338 16 2625
1764865981367 16 2626
1764865981396 16 2627
1764865981421 16 2628
1764865981448 16 2629
1764865981477 16 2630
1764865981503 16 2631
1764865981530 16 2632
1764865981559 16 2633
1764865981587 16 2634
1764865981613 16 2635
1764865981639 16 2636
1764865981668 16 2637
1764865981694 16 2638
1764865981720 16 2639
1764865981749 16 2640
1764865981804 16 2641
1764865981830 16 2642
1764865981857 16 2643
1764865981886 16 2644
1764865981912 16 2645
1764865981939 16 2646
1764865981968 16 2647
1764865981993 16 2648
1764865982020 16 2649
1764865982049 16 2650
1764865982078 16 2651
1764865982602 16 2651
1764865982634 17 2652
1764865982659 17 2653
1764865982686 17 2654
1764865982715 17 2655
1764865982741 17 2656
1764865982767 17 2657
1764865982796 17 2658
1764865982825 17 2659
1764865982850 17 2660
1764865982877 17 2661
1764865982906 17 2662
1764865982932 17 2663
1764865982959 17 2664
1764865982988 17 2665
1764865983016 17 2666
1764865983043 17 2667
1764865983071 17 2668
1764865983099 17 2669
1764865983125 17 2670
1764865983152 17 2671
1764865983181 17 2672
1764865983207 17 2673
1764865983234 17 2674
1764865983263 17 2675
1764865983291 17 2676
1764865983317 17 2677
1764865983343 17 2678
1764865983373 17 2679
1764865983399 17 2680
1764865983425 17 2681
1764865983454 17 2682
1764865983483 17 2683
1764865983508 17 2684
1764865983535 17 2685
1764865983563 17 2686
1764865983591 17 2687
1764865983616 17 2688
1764865983644 17 2689
1764865983675 17 2690
1764865983701 17 2691
1764865983729 17 2692
1764865983757 17 2693
1764865983783 17 2694
1764865983809 17 2695
1764865983839 17 2696
1764865983864 17 2697
1764865983891 17 2698
1764865983919 17 2699
1764865983948 17 2700
1764865983974 17 2701
1764865984001 17 2702
1764865984030 17 2703
1764865984058 17 2704
1764865984085 17 2705
1764865984113 17 2706
1764865984141 17 2707
1764865984167 17 2708
1764865984193 17 2709
1764865984222 17 2710
1764865984248 17 2711
1764865984274 17 2712
1764865984301 17 2713
1764865984331 17 2714
1764865984356 17 2715
1764865984384 17 2716
1764865984413 17 2717
1764865984441 17 2718
1764865984467 17 2719
1764865984493 17 2720
1764865984522 17 2721
1764865984550 17 2722
1764865984576 17 2723
1764865984602 17 2724
1764865984631 17 2725
1764865984657 17 2726
1764865984684 17 2727
1764865984713 17 2728
1764865984741 17 2729
1764865984767 17 2730
1764865984794 17 2731
1764865984823 17 2732
1764865984848 17 2733
1764865984875 17 2734
1764865984905 17 2735
1764865984933 17 2736
1764865984958 17 2737
1764865984985 17 2738
1764865985014 17 2739
1764865985040 17 2740
1764865985067 17 2741
1764865985096 17 2742
1764865985126 17 2743
1764865985152 17 2744
1764865985180 17 2745
1764865985208 17 2746
1764865985234 17 2747
1764865985261 17 2748
1764865985290 17 2749
1764865985315 17 2750
1764865985342 17 2751
1764865985371 17 2752
1764865985399 17 2753
1764865985425 17 2754
1764865985452 17 2755
1764865985481 17 2756
1764865985506 17 2757
1764865985533 17 2758
1764865985563 17 2759
1764865985591 17 2760
1764865985617 17 2761
1764865985644 17 2762
1764865985673 17 2763
1764865985698 17 2764
1764865985726 17 2765
1764865985755 17 2766
1764865985783 17 2767
1764865985809 17 2768
1764865985836 17 2769
1764865985865 17 2770
1764865985891 17 2771
1764865985917 17 2772
1764865985947 17 2773
1764865985975 17 2774
1764865986001 17 2775
1764865986027 17 2776
1764865986056 17 2777
1764865986082 17 2778
1764865986109 17 2779
1764865986142 17 2780
1764865986172 17 2781
1764865986198 17 2782
1764865986226 17 2783
1764865986255 17 2784
1764865986283 17 2785
1764865986308 17 2786
1764865986335 17 2787
1764865986364 17 2788
1764865986389 17 2789
1764865986417 17 2790
1764865986446 17 2791
1764865986474 17 2792
1764865986500 17 2793
1764865986526 17 2794
1764865986555 17 2795
1764865986583 17 2796
1764865986608 17 2797
1764865986635 17 2798
1764865986664 17 2799
1764865986690 17 2800
1764865986717 17 2801
1764865986746 17 2802
1764865986774 17 2803
1764865986800 17 2804
1764865986826 17 2805
1764865986855 17 2806
1764865986883 17 2807
1764865987406 17 2807
1764865987437 18 2808
1764865987465 18 2809
1764865987493 18 2810
1764865987521 18 2811
1764865987547 18 2812
1764865987573 18 2813
1764865987602 18 2814
1764865987628 18 2815
1764865987654 18 2816
1764865987684 18 2817
1764865987712 18 2818
1764865987737 18 2819
1764865987764 18 2820
1764865987793 18 2821
1764865987818 18 2822
1764865987845 18 2823
1764865987873 18 2824
1764865987902 18 2825
1764865987927 18 2826
1764865987978 18 2827
1764865988005 18 2828
1764865988034 18 2829
1764865988063 18 2830
1764865988090 18 2831
1764865988119 18 2832
1764865988148 18 2833
1764865988178 18 2834
1764865988204 18 2835
1764865988231 18 2836
1764865988260 18 2837
1764865988286 18 2838
1764865988312 18 2839
1764865988342 18 2840
1764865988370 18 2841
1764865988396 18 2842
1764865988422 18 2843
1764865988452 18 2844
1764865988478 18 2845
1764865988504 18 2846
1764865988533 18 2847
1764865988562 18 2848
1764865988587 18 2849
1764865988614 18 2850
1764865988643 18 2851
1764865988671 18 2852
1764865988696 18 2853
1764865988723 18 2854
1764865988753 18 2855
1764865988778 18 2856
1764865988804 18 2857
1764865988834 18 2858
1764865988862 18 2859
1764865988888 18 2860
1764865988914 18 2861
1764865988944 18 2862
1764865988969 18 2863
1764865988996 18 2864
1764865989026 18 2865
1764865989054 18 2866
1764865989080 18 2867
1764865989108 18 2868
1764865989136 18 2869
1764865989162 18 2870
1764865989189 18 2871
1764865989218 18 2872
1764865989246 18 2873
1764865989271 18 2874
1764865989299 18 2875
1764865989328 18 2876
1764865989354 18 2877
1764865989381 18 2878
1764865989410 18 2879
1764865989436 18 2880
1764865989464 18 2881
1764865989493 18 2882
1764865989521 18 2883
1764865989546 18 2884
1764865989573 18 2885
1764865989602 18 2886
1764865989627 18 2887
1764865989654 18 2888
1764865989684 18 2889
1764865989712 18 2890
1764865989738 18 2891
1764865989765 18 2892
1764865989794 18 2893
1764865989819 18 2894
1764865989846 18 2895
1764865989875 18 2896
1764865989904 18 2897
1764865989929 18 2898
1764865989955 18 2899
1764865989984 18 2900
1764865990013 18 2901
1764865990038 18 2902
1764865990065 18 2903
1764865990094 18 2904
1764865990120 18 2905
1764865990147 18 2906
1764865990176 18 2907
1764865990202 18 2908
1764865990229 18 2909
1764865990258 18 2910
1764865990287 18 2911
1764865990312 18 2912
1764865990339 18 2913
1764865990368 18 2914
1764865990396 18 2915
1764865990421 18 2916
1764865990448 18 2917
1764865990477 18 2918
1764865990503 18 2919
1764865990530 18 2920
1764865990559 18 2921
1764865990587 18 2922
1764865990613 18 2923
1764865990639 18 2924
1764865990668 18 2925
1764865990694 18 2926
1764865990722 18 2927
1764865990751 18 2928
1764865990777 18 2929
1764865990805 18 2930
1764865990834 18 2931
1764865990862 18 2932
1764865990888 18 2933
1764865990915 18 2934
1764865990944 18 2935
1764865990970 18 2936
1764865990997 18 2937
1764865991026 18 2938
1764865991054 18 2939
1764865991080 18 2940
1764865991107 18 2941
1764865991136 18 2942
1764865991162 18 2943
1764865991189 18 2944
1764865991218 18 2945
1764865991246 18 2946
1764865991278 18 2947
1764865991309 18 2948
1764865991342 18 2949
1764865991371 18 2950
1764865991401 18 2951
1764865991432 18 2952
1764865991462 18 2953
1764865991489 18 2954
1764865991517 18 2955
1764865991545 18 2956
1764865991571 18 2957
1764865991598 18 2958
1764865991627 18 2959
1764865991652 18 2960
1764865991679 18 2961
1764865991709 18 2962
1764865991737 18 2963
1764865992269 18 2963
1764865992303 19 2964
1764865992330 19 2965
1764865992358 19 2966
1764865992391 19 2967
1764865992420 19 2968
1764865992446 19 2969
1764865992473 19 2970
1764865992502 19 2971
1764865992527 19 2972
1764865992554 19 2973
1764865992583 19 2974
1764865992612 19 2975
1764865992637 19 2976
1764865992664 19 2977
1764865992693 19 2978
1764865992721 19 2979
1764865992747 19 2980
1764865992774 19 2981
1764865992803 19 2982
1764865992828 19 2983
1764865992855 19 2984
1764865992883 19 2985
1764865992912 19 2986
1764865992937 19 2987
1764865992964 19 2988
1764865992993 19 2989
1764865993019 19 2990
1764865993046 19 2991
1764865993075 19 2992
1764865993103 19 2993
1764865993129 19 2994
1764865993156 19 2995
1764865993185 19 2996
1764865993210 19 2997
1764865993238 19 2998
1764865993267 19 2999
1764865993296 19 3000
1764865993321 19 3001
1764865993348 19 3002
1764865993378 19 3003
1764865993403 19 3004
1764865993430 19 3005
1764865993460 19 3006
1764865993486 19 3007
1764865993513 19 3008
1764865993542 19 3009
1764865993570 19 3010
1764865993596 19 3011
1764865993623 19 3012
1764865993652 19 3013
1764865993677 19 3014
1764865993704 19 3015
1764865993733 19 3016
1764865993762 19 3017
1764865993787 19 3018
1764865993813 19 3019
1764865993843 19 3020
1764865993871 19 3021
1764865993896 19 3022
1764865993923 19 3023
1764865993952 19 3024
1764865993978 19 3025
1764865994005 19 3026
1764865994034 19 3027
1764865994063 19 3028
1764865994089 19 3029
1764865994117 19 3030
1764865994145 19 3031
1764865994171 19 3032
1764865994198 19 3033
1764865994226 19 3034
1764865994252 19 3035
1764865994279 19 3036
1764865994307 19 3037
1764865994332 19 3038
1764865994359 19 3039
1764865994388 19 3040
1764865994416 19 3041
1764865994442 19 3042
1764865994469 19 3043
1764865994498 19 3044
1764865994523 19 3045
1764865994551 19 3046
1764865994580 19 3047
1764865994608 19 3048
1764865994633 19 3049
1764865994660 19 3050
1764865994690 19 3051
1764865994715 19 3052
1764865994742 19 3053
1764865994771 19 3054
1764865994799 19 3055
1764865994825 19 3056
1764865994851 19 3057
1764865994880 19 3058
1764865994906 19 3059
1764865994934 19 3060
1764865994962 19 3061
1764865994991 19 3062
1764865995016 19 3063
1764865995043 19 3064
1764865995072 19 3065
1764865995128 19 3066
1764865995156 19 3067
1764865995184 19 3068
1764865995209 19 3069
1764865995236 19 3070
1764865995265 19 3071
1764865995291 19 3072
1764865995317 19 3073
1764865995346 19 3074
1764865995375 19 3075
1764865995401 19 3076
1764865995428 19 3077
1764865995457 19 3078
1764865995482 19 3079
1764865995509 19 3080
1764865995538 19 3081
1764865995566 19 3082
1764865995592 19 3083
1764865995618 19 3084
1764865995648 19 3085
1764865995673 19 3086
1764865995701 19 3087
1764865995730 19 3088
1764865995755 19 3089
1764865995783 19 3090
1764865995811 19 3091
1764865995840 19 3092
1764865995865 19 3093
1764865995892 19 3094
1764865995920 19 3095
1764865995949 19 3096
1764865995975 19 3097
1764865996001 19 3098
1764865996030 19 3099
1764865996059 19 3100
1764865996085 19 3101
1764865996113 19 3102
1764865996141 19 3103
1764865996167 19 3104
1764865996194 19 3105
1764865996223 19 3106
1764865996248 19 3107
1764865996275 19 3108
1764865996304 19 3109
1764865996333 19 3110
1764865996361 19 3111
1764865996387 19 3112
1764865996414 19 3113
1764865996443 19 3114
1764865996468 19 3115
1764865996496 19 3116
1764865996524 19 3117
1764865996553 19 3118
1764865996579 19 3119
1764865997103 19 3119
1764865997135 20 3120
1764865997161 20 3121
1764865997188 20 3122
1764865997217 20 3123
1764865997245 20 3124
1764865997271 20 3125
1764865997297 20 3126
1764865997325 20 3127
1764865997351 20 3128
1764865997379 20 3129
1764865997407 20 3130
1764865997433 20 3131
1764865997459 20 3132
1764865997488 20 3133
1764865997517 20 3134
1764865997542 20 3135
1764865997569 20 3136
1764865997598 20 3137
1764865997623 20 3138
1764865997650 20 3139
1764865997680 20 3140
1764865997708 20 3141
1764865997733 20 3142
1764865997760 20 3143
1764865997790 20 3144
1764865997815 20 3145
1764865997842 20 3146
1764865997871 20 3147
1764865997899 20 3148
1764865997925 20 3149
1764865997952 20 3150
1764865997981 20 3151
1764865998006 20 3152
1764865998033 20 3153
1764865998062 20 3154
1764865998091 20 3155
1764865998120 20 3156
1764865998148 20 3157
1764865998175 20 3158
1764865998201 20 3159
1764865998228 20 3160
1764865998257 20 3161
1764865998282 20 3162
1764865998309 20 3163
1764865998337 20 3164
1764865998362 20 3165
1764865998389 20 3166
1764865998418 20 3167
1764865998443 20 3168
1764865998470 20 3169
1764865998499 20 3170
1764865998528 20 3171
1764865998553 20 3172
1764865998580 20 3173
1764865998610 20 3174
1764865998638 20 3175
1764865998663 20 3176
1764865998690 20 3177
1764865998719 20 3178
1764865998745 20 3179
1764865998772 20 3180
1764865998801 20 3181
1764865998829 20 3182
1764865998855 20 3183
1764865998882 20 3184
1764865998911 20 3185
1764865998937 20 3186
1764865998963 20 3187
1764865998992 20 3188
1764865999021 20 3189
1764865999047 20 3190
1764865999074 20 3191
1764865999102 20 3192
1764865999129 20 3193
1764865999155 20 3194
1764865999184 20 3195
1764865999212 20 3196
1764865999238 20 3197
1764865999265 20 3198
1764865999294 20 3199
1764865999320 20 3200
1764865999347 20 3201
1764865999376 20 3202
1764865999404 20 3203
1764865999430 20 3204
1764865999456 20 3205
1764865999486 20 3206
1764865999511 20 3207
1764865999538 20 3208
1764865999567 20 3209
1764865999595 20 3210
1764865999621 20 3211
1764865999648 20 3212
1764865999677 20 3213
1764865999703 20 3214
1764865999730 20 3215
1764865999759 20 3216
1764865999787 20 3217
1764865999813 20 3218
1764865999841 20 3219
1764865999870 20 3220
1764865999895 20 3221
1764865999922 20 3222
1764865999951 20 3223
1764865999979 20 3224
1764866000005 20 3225
1764866000031 20 3226
1764866000061 20 3227
1764866000086 20 3228
1764866000113 20 3229
1764866000143 20 3230
1764866000177 20 3231
1764866000203 20 3232
1764866000230 20 3233
1764866000259 20 3234
1764866000287 20 3235
1764866000313 20 3236
1764866000340 20 3237
1764866000369 20 3238
1764866000394 20 3239
1764866000421 20 3240
1764866000450 20 3241
1764866000478 20 3242
1764866000505 20 3243
1764866000532 20 3244
1764866000560 20 3245
1764866000586 20 3246
1764866000613 20 3247
1764866000642 20 3248
1764866000671 20 3249
1764866000696 20 3250
1764866000723 20 3251
1764866000752 20 3252
1764866000777 20 3253
1764866000804 20 3254
1764866000834 20 3255
1764866000862 20 3256
1764866000888 20 3257
1764866000915 20 3258
1764866000944 20 3259
1764866000970 20 3260
1764866000996 20 3261
1764866001026 20 3262
1764866001054 20 3263
1764866001079 20 3264
1764866001106 20 3265
1764866001136 20 3266
1764866001161 20 3267
1764866001188 20 3268
1764866001217 20 3269
1764866001245 20 3270
1764866001271 20 3271
1764866001297 20 3272
1764866001326 20 3273
1764866001352 20 3274
1764866001380 20 3275
1764866001926 20 3275
1764867690872 0 0
1764868268675 0 0
1764868357768 0 0
